p 338.000000 115.000000 0.000000
p 359.000000 146.000000 0.000000
p 374.000000 121.000000 0.000000
p 455.000000 118.000000 0.000000
p 365.000000 77.000000 0.000000
p 408.000000 67.000000 0.000000
p 479.000000 166.000000 0.000000
p 559.000000 171.000000 0.000000
p 603.000000 91.000000 0.000000
p 679.000000 163.000000 0.000000
p 674.000000 327.000000 0.000000
p 591.000000 339.000000 0.000000
p 438.000000 317.000000 0.000000
p 351.000000 309.000000 0.000000
p 762.000000 329.000000 0.000000
p 774.000000 266.000000 0.000000
p 772.000000 230.000000 0.000000
p 772.000000 116.000000 0.000000
p 820.000000 177.000000 0.000000
p 838.000000 244.000000 0.000000
p 838.000000 290.000000 0.000000
p 817.000000 356.000000 0.000000
p 694.000000 367.000000 0.000000
e 0 1
e 2 1
e 2 3
e 0 4
e 4 5
e 5 2
e 3 6
e 6 7
e 7 8
e 8 9
e 9 10
e 10 11
e 11 12
e 12 13
e 6 11
e 7 13
e 5 8
e 10 22
e 22 14
e 14 20
e 20 19
e 14 21
e 15 16
e 16 19
e 19 9
e 9 10
e 15 14
m ak1.png 0.0 0.0 0.0 0.0 0.0
