p 511.000000 534.000000 0.000000
p 686.000000 585.000000 0.000000
p 603.000000 765.000000 0.000000
p 950.000000 699.000000 0.000000
p 936.000000 508.000000 0.000000
p 1208.000000 672.000000 0.000000
p 1192.000000 514.000000 0.000000
p 1536.000000 671.000000 0.000000
p 1514.000000 508.000000 0.000000
p 1476.000000 668.000000 0.000000
p 683.000000 703.000000 0.000000
p 947.000000 986.000000 0.000000
p 1070.000000 996.000000 0.000000
p 1178.000000 991.000000 0.000000
p 1317.000000 988.000000 0.000000
p 1313.000000 857.000000 0.000000
p 1192.000000 861.000000 0.000000
p 1067.000000 855.000000 0.000000
p 1472.000000 831.000000 0.000000
p 1542.000000 819.000000 0.000000
p 1637.000000 831.000000 0.000000
p 1826.000000 837.000000 0.000000
p 1641.000000 955.000000 0.000000
p 1791.000000 960.000000 0.000000
p 1491.000000 967.000000 0.000000
p 1498.000000 1174.000000 0.000000
p 1652.000000 1183.000000 0.000000
p 1733.000000 1186.000000 0.000000
p 1738.000000 1091.000000 0.000000
p 1639.000000 1093.000000 0.000000
p 1381.000000 1169.000000 0.000000
p 1180.000000 1154.000000 0.000000
p 1056.000000 1157.000000 0.000000
p 937.000000 1145.000000 0.000000
p 426.000000 968.000000 0.000000
p 425.000000 1146.000000 0.000000
p 609.000000 1147.000000 0.000000
p 603.000000 964.000000 0.000000
p 802.000000 1152.000000 0.000000
p 792.000000 983.000000 0.000000
p 1645.000000 657.000000 0.000000
p 1639.000000 494.000000 0.000000
p 831.000000 428.000000 0.000000
p 817.000000 689.000000 0.000000
e 0 1
e 1 10
e 10 2
e 2 37
e 37 34
e 34 35
e 36 37
e 37 39
e 39 38
e 10 3
e 3 11
e 11 12
e 12 13
e 13 14
e 14 24
e 24 18
e 18 19
e 19 20
e 20 22
e 22 23
e 4 3
e 3 5
e 5 9
e 9 7
e 7 40
e 40 41
e 18 9
e 9 7
e 7 8
e 20 21
e 24 25
e 25 26
e 26 27
e 27 28
e 29 26
e 5 6
e 17 12
e 12 32
e 16 13
e 13 31
e 15 14
e 14 30
e 10 43
e 43 42
e 3 43
e 43 42
m projcenter1.png 0.0 0.0 0.0 0.0 0.0
