p 627.000000 1208.000000 1.000000
p 625.000000 1171.000000 1.000000
p 644.000000 1119.000000 1.000000
p 688.000000 1175.000000 1.000000
p 665.000000 1231.000000 1.000000
p 738.000000 1242.000000 1.000000
p 751.000000 1127.000000 1.000000
p 684.000000 1114.000000 1.000000
p 824.000000 1141.000000 1.000000
p 811.000000 1241.000000 1.000000
p 819.000000 1219.000000 1.000000
p 869.000000 1225.000000 1.000000
p 831.000000 1167.000000 1.000000
p 884.000000 1181.000000 1.000000
p 907.000000 1184.000000 1.000000
p 907.000000 1241.000000 1.000000
p 867.000000 1237.000000 1.000000
p 932.000000 1243.000000 1.000000
p 884.000000 1347.000000 1.000000
p 1006.000000 1261.000000 1.000000
p 951.000000 1203.000000 1.000000
p 948.000000 1288.000000 1.000000
p 938.000000 1275.000000 1.000000
p 915.000000 1321.000000 1.000000
p 931.000000 1069.000000 1.000000
p 864.000000 1056.000000 1.000000
p 859.000000 1083.000000 1.000000
p 845.000000 1055.000000 1.000000
p 847.000000 1038.000000 1.000000
p 875.000000 1024.000000 1.000000
p 889.000000 931.000000 1.000000
p 857.000000 1031.000000 1.000000
p 885.000000 1039.000000 1.000000
p 888.000000 1061.000000 1.000000
p 896.000000 1044.000000 1.000000
p 934.824341 1042.189209 1.000000
p 975.000000 1027.000000 1.000000
p 940.567383 1003.339172 1.000000
p 947.000000 974.000000 1.000000
p 975.000000 1002.000000 1.000000
p 986.511780 993.880005 1.000000
p 956.000000 1073.000000 1.000000
p 952.000000 1092.000000 1.000000
p 914.216919 997.933960 1.000000
p 921.000000 956.000000 1.000000
p 948.675232 960.773010 1.000000
p 1021.000000 985.000000 1.000000
p 985.580322 961.656433 1.000000
p 988.525574 956.414490 1.000000
p 1043.000000 998.000000 1.000000
p 1049.000000 987.000000 1.000000
p 1036.275146 974.896423 1.000000
p 1061.000000 997.000000 1.000000
p 1055.000000 1016.000000 1.000000
p 1041.000000 1094.000000 1.000000
p 995.000000 1089.000000 1.000000
p 998.000000 1056.000000 1.000000
p 971.000000 1089.000000 1.000000
p 973.000000 1072.000000 1.000000
p 995.000000 1076.000000 1.000000
p 1025.000000 1096.000000 1.000000
p 1021.000000 1116.000000 1.000000
p 1034.000000 1133.000000 1.000000
p 1063.000000 1098.000000 1.000000
p 1081.000000 1103.000000 1.000000
p 1052.000000 1156.000000 1.000000
p 1042.000000 1161.000000 1.000000
p 1067.000000 1031.000000 1.000000
p 1064.000000 961.000000 1.000000
p 1076.000000 961.000000 1.000000
p 1106.000000 921.000000 1.000000
p 1081.000000 931.000000 1.000000
p 1123.000000 949.000000 1.000000
p 1109.000000 956.000000 1.000000
p 802.000000 1044.000000 1.000000
p 829.000000 991.000000 1.000000
p 814.000000 998.000000 1.000000
p 801.000000 992.000000 1.000000
p 760.000000 976.000000 1.000000
p 804.000000 940.000000 1.000000
p 827.000000 971.000000 1.000000
p 839.000000 929.000000 1.000000
p 869.000000 918.000000 1.000000
p 858.000000 931.000000 1.000000
p 841.000000 891.000000 1.000000
p 861.000000 895.000000 1.000000
p 919.000000 1121.000000 1.000000
p 886.000000 1118.000000 1.000000
p 844.000000 1128.000000 1.000000
p 959.000000 1303.000000 1.000000
p 974.000000 1317.000000 1.000000
p 982.000000 1321.000000 1.000000
p 981.000000 1261.000000 1.000000
p 1018.000000 1328.000000 1.000000
p 987.000000 1345.000000 1.000000
p 1004.000000 1361.000000 1.000000
p 1084.000000 1366.000000 1.000000
p 1099.000000 1371.000000 1.000000
p 1099.000000 1348.000000 1.000000
p 1165.000000 1375.000000 1.000000
p 1172.000000 1354.000000 1.000000
p 1093.000000 1395.000000 1.000000
p 1193.000000 1221.000000 1.000000
p 1211.000000 1221.000000 1.000000
p 1347.000000 1238.000000 1.000000
p 1316.000000 1236.000000 1.000000
p 1321.000000 1221.000000 1.000000
p 1317.000000 1248.000000 1.000000
p 1306.000000 1253.000000 1.000000
p 1295.000000 1232.000000 1.000000
p 1248.000000 1217.000000 1.000000
p 1243.000000 1246.000000 1.000000
p 1239.000000 1265.000000 1.000000
p 1205.000000 1261.000000 1.000000
p 1216.000000 1292.000000 1.000000
p 1216.000000 1266.000000 1.000000
p 1227.000000 1306.000000 1.000000
p 1212.000000 1324.000000 1.000000
p 1205.000000 1311.000000 1.000000
p 1193.000000 1311.000000 1.000000
p 1184.000000 1379.000000 1.000000
p 1217.000000 1174.000000 1.000000
p 1241.000000 1161.000000 1.000000
p 1222.000000 1131.000000 1.000000
p 1228.000000 1101.000000 1.000000
p 1254.000000 1104.000000 1.000000
p 1235.000000 1055.000000 1.000000
p 1221.000000 1055.000000 1.000000
p 1166.000000 1053.000000 1.000000
p 1124.000000 991.000000 1.000000
p 1122.000000 967.000000 1.000000
p 956.000000 922.000000 1.000000
p 813.000000 868.000000 1.000000
p 809.000000 848.000000 1.000000
p 798.000000 841.000000 1.000000
p 789.000000 816.000000 1.000000
p 637.000000 1071.000000 1.000000
p 637.000000 1043.000000 1.000000
p 621.000000 1017.000000 1.000000
p 609.000000 1001.000000 1.000000
p 631.000000 946.000000 1.000000
p 621.000000 1192.000000 1.000000
p 597.000000 1187.000000 1.000000
p 576.000000 1186.000000 1.000000
p 546.000000 1199.000000 1.000000
p 519.000000 1218.000000 1.000000
p 1051.000000 1307.000000 1.000000
p 1076.000000 1276.000000 1.000000
p 1092.000000 1242.000000 1.000000
p 1075.000000 1167.000000 1.000000
p 1063.000000 1129.000000 1.000000
p 1095.000000 1157.000000 1.000000
p 1114.000000 1167.000000 1.000000
p 1111.000000 1199.000000 1.000000
p 1132.000000 1271.000000 1.000000
p 1107.000000 1236.000000 1.000000
p 1138.000000 1325.000000 1.000000
p 1097.000000 1016.000000 1.000000
p 1127.000000 1004.000000 1.000000
p 579.000000 1032.000000 1.000000
p 571.000000 1051.000000 1.000000
p 544.000000 1104.000000 1.000000
p 511.000000 1151.000000 1.000000
p 535.000000 1089.000000 1.000000
p 535.000000 1051.000000 1.000000
p 503.000000 1024.000000 1.000000
p 473.000000 1022.000000 1.000000
p 447.000000 1032.000000 1.000000
p 422.000000 1069.000000 1.000000
p 402.000000 1091.000000 1.000000
p 377.000000 1126.000000 1.000000
p 348.000000 1163.000000 1.000000
p 337.000000 1193.000000 1.000000
p 354.000000 1231.000000 1.000000
p 491.000000 1245.000000 1.000000
p 455.000000 1275.000000 1.000000
p 719.000000 1308.000000 1.000000
p 727.000000 1285.000000 1.000000
p 762.000000 1291.000000 1.000000
p 744.000000 1291.000000 1.000000
p 741.000000 1316.000000 1.000000
p 793.000000 1325.000000 1.000000
p 796.000000 1309.000000 1.000000
p 815.000000 1289.000000 1.000000
p 825.000000 1255.000000 1.000000
p 513.000000 1263.000000 1.000000
p 525.000000 1285.000000 1.000000
p 382.000000 1246.000000 1.000000
p 413.000000 1247.000000 1.000000
p 444.000000 1226.000000 1.000000
p 461.000000 1199.000000 1.000000
p 479.000000 1171.000000 1.000000
p 506.000000 1141.000000 1.000000
p 518.000000 1119.000000 1.000000
p 643.000000 1075.000000 1.000000
p 764.000000 1178.000000 1.000000
p 894.000000 1314.000000 1.000000
p 915.000000 907.000000 1.000000
p 1021.000000 1224.000000 1.000000
p 578.000000 1271.000000 1.000000
p 572.000000 1296.000000 1.000000
p 618.000000 1299.000000 1.000000
p 622.000000 1284.000000 1.000000
p 850.000000 1031.000000 2.000000
p 852.000000 1035.000000 2.000000
p 855.000000 1025.000000 2.000000
p 648.750000 994.000000 1.000000
p 668.250000 971.500000 1.000000
p 639.250000 948.000000 1.000000
p 625.750000 986.500000 1.000000
p 644.250000 973.500000 1.000000
p 650.327087 1018.241150 1.000000
p 664.308594 993.567871 1.000000
p 949.350891 948.949097 1.000000
p 969.958313 972.934753 1.000000
p 985.160461 980.704773 1.000000
p 1008.808350 995.906982 1.000000
p 1036.510132 1005.028259 1.000000
p 992.901733 948.105957 1.000000
p 988.167969 945.372925 1.000000
p 983.761780 952.822510 1.000000
p 997.511047 950.872375 1.000000
p 1001.848022 953.297974 1.000000
p 1004.051025 954.569885 1.000000
p 1008.685059 957.245300 1.000000
p 1015.782104 961.444092 1.000000
p 1022.467224 965.303772 1.000000
p 1029.500000 969.262878 1.000000
p 1019.972046 963.660583 1.000000
p 1006.557983 956.017273 1.000000
p 1011.072144 958.724792 1.000000
p 1014.203125 964.178894 1.000000
p 1016.526001 965.418762 1.000000
p 1009.329468 961.567688 1.000000
p 1007.018372 960.132080 1.000000
p 1002.340515 957.532593 1.000000
p 1000.409241 956.316284 1.000000
p 996.035217 953.892273 1.000000
p 1009.022705 952.274536 1.000000
p 996.055847 944.382935 1.000000
p 995.123047 946.174011 1.000000
p 991.532227 943.796997 1.000000
p 998.535461 939.737183 1.000000
p 1001.067566 935.526855 1.000000
p 1003.591064 930.805176 1.000000
p 1006.465454 925.475708 1.000000
p 1025.144775 935.753784 1.000000
p 1023.489868 938.444702 1.000000
p 1020.015747 936.742798 1.000000
p 1019.059448 938.925476 1.000000
p 1029.127197 938.154297 1.000000
p 1027.396240 940.801392 1.000000
p 1024.724854 942.095154 1.000000
p 1034.257690 941.724121 1.000000
p 1030.939209 946.594604 1.000000
p 1028.844238 945.486389 1.000000
p 1028.056274 951.412659 1.000000
p 1030.659546 953.219543 1.000000
p 1031.887329 960.917419 1.000000
p 1036.457275 963.353149 1.000000
p 1042.926147 966.885437 1.000000
p 1049.949951 953.316284 1.000000
p 1052.465454 955.275085 1.000000
p 1051.078491 951.536926 1.000000
p 1053.301880 953.124512 1.000000
p 1041.311890 970.207642 1.000000
p 1039.943604 972.051208 1.000000
p 1037.924683 970.986816 1.000000
p 1056.066772 943.072510 1.000000
p 1057.954224 944.364746 1.000000
p 1053.527710 941.505310 1.000000
p 1057.131226 941.053467 1.000000
p 1058.986450 942.225952 1.000000
p 1060.125366 935.691895 1.000000
p 1062.208618 936.995972 1.000000
p 1056.414795 933.346985 1.000000
p 1057.978760 931.515198 1.000000
p 1054.990845 935.462341 1.000000
p 1059.613403 928.508606 1.000000
p 1066.082275 932.040894 1.000000
p 1052.484131 924.190002 1.000000
p 1052.440918 931.457886 1.000000
p 1049.378784 930.095093 1.000000
p 1049.762329 936.799072 1.000000
p 1046.571777 934.956970 1.000000
p 1048.262573 938.870544 1.000000
p 1045.288086 937.355835 1.000000
p 1044.908813 944.328430 1.000000
p 1052.537598 948.834229 1.000000
p 1040.350830 941.696838 1.000000
p 1038.979370 944.247620 1.000000
p 1043.398682 951.154602 1.000000
p 1034.662476 946.110718 1.000000
p 1021.895569 961.732422 1.000000
p 1019.432495 960.209106 1.000000
p 1022.216003 955.738831 1.000000
p 1015.770569 951.814941 1.000000
p 1025.002686 950.561279 1.000000
p 1003.554138 936.658630 1.000000
p 1001.171875 929.205872 1.000000
p 1025.705688 963.729614 1.000000
p 1006.729248 932.211792 1.000000
p 980.055847 950.608948 1.000000
p 983.307739 945.532532 1.000000
p 985.474121 946.783325 1.000000
p 986.880676 948.335815 2.000000
p 988.115417 945.547363 2.000000
p 991.210388 947.334229 2.000000
p 989.517334 950.483337 2.000000
p 994.695007 949.096008 2.000000
p 993.016418 952.003357 2.000000
p 991.496399 955.502502 2.000000
p 986.752930 952.888916 2.000000
p 983.751770 951.156189 2.000000
p 993.786926 956.949951 2.000000
p 992.765137 948.106812 2.000000
p 995.949219 941.942017 2.000000
p 999.522949 935.752136 2.000000
p 994.404358 932.921936 2.000000
p 1002.013794 931.437927 2.000000
p 1005.000427 933.412354 2.000000
p 1003.205017 929.374634 2.000000
p 999.937012 927.237732 2.000000
p 1006.126892 930.811462 2.000000
e 17 22
e 22 21
e 21 89
e 89 90
e 90 91
e 91 93
e 93 146
e 146 147
e 147 148
e 148 149
e 149 150
e 150 63
e 63 54
e 54 60
e 60 55
e 55 59
e 59 58
e 58 41
e 41 24
e 24 33
e 33 34
e 34 32
e 32 29
e 29 31
e 31 28
e 28 27
e 27 8
e 8 88
e 88 12
e 12 10
e 10 9
e 9 5
e 5 3
e 3 2
e 2 1
e 1 141
e 141 0
e 0 4
e 5 4
e 4 3
e 3 0
e 141 142
e 142 143
e 143 144
e 144 145
e 145 174
e 174 175
e 186 185
e 185 174
e 2 7
e 7 6
e 6 3
e 6 195
e 195 5
e 2 194
e 194 136
e 136 137
e 137 138
e 138 159
e 159 160
e 160 161
e 161 162
e 162 192
e 192 193
e 193 163
e 163 164
e 164 165
e 165 166
e 166 167
e 167 168
e 168 169
e 169 170
e 170 171
e 171 172
e 172 173
e 173 187
e 187 188
e 188 189
e 189 190
e 190 191
e 191 192
e 138 139
e 139 140
e 12 8
e 8 6
e 5 177
e 177 179
e 179 178
e 12 13
e 13 14
e 14 15
e 15 18
e 10 11
e 11 16
e 16 17
e 17 20
e 20 57
e 60 61
e 135 134
e 134 133
e 133 132
e 132 84
e 84 81
e 81 80
e 80 79
e 79 78
e 78 77
e 77 76
e 76 75
e 80 75
e 74 27
e 27 25
e 25 26
e 33 25
e 24 86
e 86 87
e 86 14
e 17 92
e 92 19
e 19 66
e 66 62
e 62 54
e 64 63
e 23 22
e 23 196
e 196 18
e 196 15
e 92 91
e 91 94
e 94 95
e 95 96
e 96 97
e 97 99
e 99 100
e 100 156
e 156 154
e 154 155
e 155 153
e 153 152
e 152 151
e 151 149
e 148 155
e 101 96
e 97 98
e 24 35
e 35 37
e 37 36
e 36 38
e 47 46
e 46 49
e 49 53
e 53 54
e 63 67
e 67 53
e 53 52
e 52 49
e 49 50
e 50 51
e 50 52
e 52 67
e 50 68
e 68 71
e 71 70
e 70 72
e 72 130
e 130 129
e 129 158
e 158 157
e 157 67
e 69 68
e 158 128
e 128 152
e 81 83
e 83 82
e 82 85
e 85 84
e 30 82
e 82 197
e 197 131
e 43 37
e 35 36
e 36 39
e 47 48
e 176 177
e 180 179
e 181 182
e 182 183
e 183 184
e 184 9
e 120 119
e 119 117
e 117 118
e 118 114
e 114 115
e 115 112
e 112 111
e 111 110
e 110 103
e 103 121
e 121 123
e 123 124
e 124 126
e 126 127
e 127 128
e 103 102
e 102 153
e 110 109
e 109 105
e 105 107
e 107 108
e 109 108
e 105 104
e 105 106
e 121 122
e 122 123
e 124 125
e 120 99
e 119 113
e 113 103
e 100 102
e 20 198
e 198 19
e 198 66
e 18 181
e 181 180
e 72 73
e 202 201
e 201 200
e 200 199
e 186 200
e 201 176
e 176 180
e 204 203
e 203 205
e 28 203
e 37 38
e 58 57
e 55 57
e 209 206
e 206 207
e 207 208
e 208 140
e 140 209
e 208 210
e 207 210
e 206 210
e 209 210
e 140 210
e 139 209
e 138 209
e 137 209
e 206 211
e 137 211
e 209 211
e 211 212
e 206 212
e 207 212
e 14 17
e 214 215
e 47 215
e 46 215
e 216 215
e 40 215
e 39 40
e 40 216
e 216 217
e 46 217
e 217 49
e 214 47
e 45 47
e 213 47
e 131 213
e 213 45
e 45 214
e 45 38
e 45 44
e 51 227
e 227 226
e 226 228
e 225 230
e 224 229
e 223 222
e 222 221
e 221 218
e 218 48
e 228 225
e 229 223
e 230 224
e 252 251
e 250 251
e 249 248
e 247 248
e 262 261
e 261 263
e 263 288
e 288 287
e 287 289
e 289 290
e 290 253
e 253 250
e 250 246
e 246 245
e 245 244
e 298 243
e 243 242
e 242 239
e 239 240
e 240 218
e 218 219
e 219 220
e 241 240
e 287 285
e 285 283
e 283 281
e 281 275
e 275 273
e 273 271
e 271 268
e 268 288
e 261 260
e 260 265
e 265 266
e 266 267
e 260 259
e 259 258
e 258 257
e 257 256
e 256 254
e 254 253
e 255 254
e 264 263
e 269 268
e 268 270
e 272 271
e 274 273
e 279 278
e 276 278
e 280 278
e 277 275
e 275 276
e 286 285
e 284 283
e 282 280
e 259 291
e 257 292
e 292 291
e 243 244
e 244 299
e 256 297
e 295 297
e 295 296
e 228 293
e 293 256
e 300 293
e 293 294
e 294 238
e 238 239
e 240 238
e 232 231
e 231 225
e 233 230
e 224 234
e 235 223
e 236 222
e 237 221
e 244 301
e 220 302
e 302 303
e 303 304
e 304 305
e 323 321
e 319 321
e 322 321
e 319 317
e 317 316
e 316 315
e 315 307
e 307 306
e 306 305
e 318 317
e 313 312
e 312 308
e 308 307
e 314 311
e 311 310
e 310 309
e 315 309
e 319 320
m  0.0 0.0 0.0 0.0 0.0 
m campusmap.png 0.0 0.0 1.0 0.0 1.0 Campus_Map
m ak0.png 1044.0 998.0 0.0 210.0 0.13 Atwater_Kent_0
m AtwaterKent1.png 1045.2695 1005.2704 1.0 210.0 0.109000005 Atwater_Kent_1
m ak2.png 1046.116 1010.0663 2.0 210.0 0.11499994 Atwater_Kent_2
m ak3.png 1046.0 1012.0 3.0 210.0 0.117 Atwater_Kent_3
m CampusCenter1.png 780.0 1035.0 0.0 280.0 0.11 Campus_Center_1
m CampusCenter2.png 780.0 1037.0 1.0 280.0 0.11 Campus_Center_2
m CampusCenter3.png 780.0 1035.0 2.0 280.0 0.11 Campus_Center_3
m GordonLibraryS.png 1133.0 1075.0 -1.0 102.0 0.08 Gordon_Library_Subfloor
m GordonLibrary0.png 1133.0 1075.0 -1.0 102.0 0.08 Gordon_Library_0
m GordonLibrary1.png 1133.0 1075.0 0.0 102.0 0.08 Gordon_Library_1
m gl2.png 1120.0 1167.0 1.0 191.0 0.085 Gordon_Library_2
m GordonLibrary3.png 1143.0 1075.0 2.0 102.0 0.09 Gordon_Library_3
m hh0.png 860.0 890.0 0.0 124.0 0.1 Higgins_House_0
m hh1.png 860.0 890.0 1.0 124.0 0.1 Higgins_House_1
m hh2.png 860.0 890.0 2.0 124.0 0.1 Higgins_House_2
m hh3.png 860.0 895.0 3.0 124.0 0.1 Higgins_House_3
m pc1.png 980.0 1076.0 1.0 100.0 0.06 Project_Center_1
m pc2.png 987.0 1070.0 2.0 100.0 0.05 Project_Center_2
m StrattonHall0.png 970.0 1137.0 0.0 100.0 0.06 Stratton_Hall_0
m StrattonHall1.png 970.0 1137.0 1.0 100.0 0.06 Stratton_Hall_1
m StrattonHall2.png 970.0 1137.0 2.0 100.0 0.06 Stratton_Hall_2
m StrattonHall3.png 970.0 1137.0 3.0 100.0 0.06 Stratton_Hall_3
