p 831.000000 428.000000 0.000000
p 817.000000 689.000000 0.000000
p 804.000000 975.000000 0.000000
p 1131.000000 976.000000 0.000000
p 1138.000000 1135.000000 0.000000
p 1005.000000 1135.000000 0.000000
p 1253.000000 1135.000000 0.000000
p 1249.000000 1033.000000 0.000000
p 1369.000000 1148.000000 0.000000
p 1387.000000 1068.000000 0.000000
p 1484.000000 1139.000000 0.000000
p 1467.000000 891.000000 0.000000
p 1656.000000 1138.000000 0.000000
p 1644.000000 915.000000 0.000000
p 1910.000000 1119.000000 0.000000
p 1902.000000 1298.000000 0.000000
p 2030.000000 1116.000000 0.000000
p 2018.000000 872.000000 0.000000
p 2207.000000 1127.000000 0.000000
p 2217.000000 809.000000 0.000000
p 2381.000000 1064.000000 0.000000
p 2375.000000 942.000000 0.000000
p 2220.000000 1252.000000 0.000000
p 2400.000000 1248.000000 0.000000
p 2235.000000 1394.000000 0.000000
p 2389.000000 1391.000000 0.000000
p 2289.000000 1557.000000 0.000000
p 1780.000000 1300.000000 0.000000
p 1759.000000 1547.000000 0.000000
p 1957.000000 1543.000000 0.000000
p 1360.000000 1540.000000 0.000000
p 1231.000000 1527.000000 0.000000
p 1235.000000 1362.000000 0.000000
p 858.000000 1529.000000 0.000000
p 1074.000000 1536.000000 0.000000
p 1054.000000 1322.000000 0.000000
p 1162.000000 1368.000000 0.000000
m projcenter2.png 0.0 0.0 0.0 0.0 0.0
