p 511.000000 534.000000 0.000000
p 686.000000 585.000000 0.000000
p 603.000000 765.000000 0.000000
p 950.000000 699.000000 0.000000
p 936.000000 508.000000 0.000000
p 1208.000000 672.000000 0.000000
p 1192.000000 514.000000 0.000000
p 1536.000000 671.000000 0.000000
p 1514.000000 508.000000 0.000000
p 1476.000000 668.000000 0.000000
p 683.000000 703.000000 0.000000
p 947.000000 986.000000 0.000000
p 1070.000000 996.000000 0.000000
p 1178.000000 991.000000 0.000000
p 1317.000000 988.000000 0.000000
p 1313.000000 857.000000 0.000000
p 1192.000000 861.000000 0.000000
p 1067.000000 855.000000 0.000000
p 1472.000000 831.000000 0.000000
p 1542.000000 819.000000 0.000000
p 1637.000000 831.000000 0.000000
p 1826.000000 837.000000 0.000000
p 1641.000000 955.000000 0.000000
p 1791.000000 960.000000 0.000000
p 1491.000000 967.000000 0.000000
p 1498.000000 1174.000000 0.000000
p 1652.000000 1183.000000 0.000000
p 1733.000000 1186.000000 0.000000
p 1738.000000 1091.000000 0.000000
p 1639.000000 1093.000000 0.000000
p 1381.000000 1169.000000 0.000000
p 1180.000000 1154.000000 0.000000
p 1056.000000 1157.000000 0.000000
p 937.000000 1145.000000 0.000000
p 426.000000 968.000000 0.000000
p 425.000000 1146.000000 0.000000
p 609.000000 1147.000000 0.000000
p 603.000000 964.000000 0.000000
p 802.000000 1152.000000 0.000000
p 792.000000 983.000000 0.000000
p 1645.000000 657.000000 0.000000
p 1639.000000 494.000000 0.000000
p 831.000000 428.000000 0.000000
p 817.000000 689.000000 0.000000
p 804.000000 975.000000 0.000000
p 1131.000000 976.000000 0.000000
p 1138.000000 1135.000000 0.000000
p 1005.000000 1135.000000 0.000000
p 1253.000000 1135.000000 0.000000
p 1249.000000 1033.000000 0.000000
p 1369.000000 1148.000000 0.000000
p 1387.000000 1068.000000 0.000000
p 1484.000000 1139.000000 0.000000
p 1467.000000 891.000000 0.000000
p 1656.000000 1138.000000 0.000000
p 1644.000000 915.000000 0.000000
p 1910.000000 1119.000000 0.000000
p 1902.000000 1298.000000 0.000000
p 2030.000000 1116.000000 0.000000
p 2018.000000 872.000000 0.000000
p 2207.000000 1127.000000 0.000000
p 2217.000000 809.000000 0.000000
p 2381.000000 1064.000000 0.000000
p 2375.000000 942.000000 0.000000
p 2220.000000 1252.000000 0.000000
p 2400.000000 1248.000000 0.000000
p 2235.000000 1394.000000 0.000000
p 2389.000000 1391.000000 0.000000
p 2289.000000 1557.000000 0.000000
p 1780.000000 1300.000000 0.000000
p 1759.000000 1547.000000 0.000000
p 1957.000000 1543.000000 0.000000
p 1360.000000 1540.000000 0.000000
p 1231.000000 1527.000000 0.000000
p 1235.000000 1362.000000 0.000000
p 858.000000 1529.000000 0.000000
p 1074.000000 1536.000000 0.000000
p 1054.000000 1322.000000 0.000000
p 1162.000000 1368.000000 0.000000
e 0 1
e 1 10
e 10 2
e 2 37
e 37 34
e 34 35
e 36 37
e 37 39
e 39 38
e 10 3
e 3 11
e 11 12
e 12 13
e 13 14
e 14 24
e 24 18
e 18 19
e 19 20
e 20 22
e 22 23
e 4 3
e 3 5
e 5 9
e 9 7
e 7 40
e 40 41
e 18 9
e 9 7
e 7 8
e 20 21
e 24 25
e 25 26
e 26 27
e 27 28
e 29 26
e 5 6
e 17 12
e 12 32
e 16 13
e 13 31
e 15 14
e 14 30
e 10 43
e 43 42
e 3 43
e 43 42
e 44 45
e 45 46
e 46 48
e 48 50
e 50 52
e 52 54
e 54 56
e 56 58
e 58 60
e 60 64
e 64 66
e 66 68
e 60 62
e 62 63
e 64 65
e 66 67
e 56 57
e 57 69
e 69 70
e 70 72
e 72 73
e 73 76
e 76 77
e 73 74
e 74 48
e 48 49
e 50 51
e 78 74
e 70 71
e 75 76
e 46 47
e 52 53
e 54 55
e 58 59
e 60 61
m projcenter2.png 0.0 0.0 0.0 0.0 0.0
